# File exported by ZBrush version 4.8
# www.zbrush.com
#Vertex Count 588
#Face Count 576
#Auto scale x=1.000000 y=1.000000 z=1.000000
#Auto offset x=0.000000 y=0.000000 z=0.000000
v 6.32012176 3.13949441 4.55452966
v 6.02598285 3.07570076 4.70051574
v 6.06334352 2.73582696 4.65460062
v 6.29306411 2.96652984 4.53550195
v 6.11400699 3.17617917 4.44409942
v 6.24187326 3.19980478 4.36676073
v 6.37692356 3.22432184 4.19912576
v 6.10102748 3.33029007 4.13628387
v 6.30827999 3.0482831 4.26283359
v 6.24958944 2.89392185 4.34980106
v 6.07222032 2.58284425 4.4107213
v 5.75888681 2.7034595 4.627254
v 5.68783664 2.6673758 4.35085439
v 5.76475238 2.91616106 4.66555357
v 5.6799345 2.97683 4.36749219
v 5.92854499 3.12866354 4.47588062
v 5.92095422 3.19263339 4.27445459
v 6.41038274 3.13657331 3.92903137
v 6.11018323 3.27827048 3.90681839
v 5.87363576 3.24232435 4.04810285
v 5.85180282 3.04201269 4.05788707
v 5.86103344 2.79270124 4.20411968
v 6.02036809 3.00451397 3.76510238
v 6.0304141 2.84968566 4.09225082
v 6.36130666 2.93497824 3.87555646
v 6.19974994 2.88255453 4.06412696
v 6.24076557 3.12824249 4.62815809
v 6.0692687 2.95601773 4.72617149
v 6.22686243 2.88980531 4.59089946
v 6.31533145 3.05925536 4.54327821
v 6.24035787 3.03861951 4.63066148
v 6.05087709 3.16023445 4.57836771
v 6.26175069 3.16515755 4.42013025
v 6.20029544 3.20965099 4.39216613
v 6.17807912 3.18288493 4.52852535
v 6.26433134 3.20504856 4.32313203
v 6.22514772 3.30317235 4.17919588
v 6.12623453 3.24460935 4.28214836
v 6.19641256 3.2579813 4.28003406
v 6.29251098 3.0860238 4.35639333
v 6.3705039 3.13468742 4.2677102
v 6.27740049 3.12722587 4.33966875
v 6.28247404 2.90308952 4.45033502
v 6.27659082 2.97537136 4.2760272
v 6.30853271 3.02849149 4.37870645
v 6.05709314 2.61740851 4.51751852
v 6.18810653 2.73653554 4.40216302
v 6.20099067 2.74619436 4.50568628
v 5.88309764 2.67647457 4.64737939
v 5.69635295 2.69565391 4.49064016
v 5.88482904 2.5390551 4.39475297
v 5.88129138 2.58006763 4.5181241
v 5.75166273 2.76974773 4.70747757
v 5.70333004 2.94260025 4.51128053
v 5.61877298 2.82316136 4.36690521
v 5.65198898 2.8107109 4.53680753
v 5.83665418 3.06014609 4.55443286
v 5.9402194 3.13733434 4.38835573
v 5.80958843 3.09438276 4.32139301
v 5.82000875 3.06914997 4.44356918
v 6.01077842 3.14661407 4.47134161
v 6.00846958 3.27152848 4.20547628
v 6.04031992 3.18356895 4.34014701
v 6.42111587 3.17102742 4.0442357
v 6.30399704 3.20859527 3.90527582
v 6.10916662 3.32987833 4.00725317
v 6.2733879 3.28335022 4.02322483
v 5.94978237 3.27142548 3.98217868
v 5.87600135 3.27079916 4.17196416
v 5.96563148 3.32799148 4.10084724
v 5.85480165 2.9689455 4.73975133
v 5.91914033 3.10907316 4.59466075
v 5.86803007 2.80848908 4.7633028
v 5.77503871 3.01212596 4.2213521
v 5.88042163 2.92573785 4.13123607
v 5.75632047 2.69354867 4.24891042
v 5.71735382 2.8527565 4.24764776
v 6.08754348 3.1485672 3.80675649
v 5.90378761 3.02543854 3.85537433
v 5.84497213 3.15558695 4.02603054
v 5.93180751 3.1560831 3.87803411
v 5.82533693 3.15261268 4.19907808
v 5.9436903 2.84154701 4.14616012
v 5.98512649 2.89929962 3.86184406
v 5.91928005 2.92803883 3.96819353
v 6.05805158 2.68354511 4.28180933
v 5.90340757 2.6122787 4.27248859
v 6.40267944 2.99295234 4.08899259
v 6.2271986 2.90688657 4.2048974
v 6.27121448 2.8700211 3.92921638
v 6.31011295 2.9332304 4.09820365
v 6.41788482 3.04353928 3.89458084
v 6.14886665 2.95198893 3.77122926
v 6.25704622 3.07746934 3.79592418
v 6.12043809 2.86392927 4.08360862
v 6.11025762 2.86137104 3.84880828
v 6.1514244 2.82618999 4.26177787
v 6.45007896 3.07645106 4.08107328
v -1.98838007 -2.42201328 4.71298217
v -1.98134338 -2.11515855 4.64933157
v -2.0669372 -2.09791898 4.90200233
v -2.03767275 -2.35753703 4.89169979
v -2.13595151 -2.04076242 4.31980705
v -2.10293221 -2.3349781 4.51168823
v -2.37499427 -2.40305233 4.34101772
v -2.39755511 -1.89416515 3.98740482
v -2.23842549 -2.53589463 4.77903795
v -2.24118208 -2.41249895 4.98736953
v -2.3263998 -2.08511328 5.03344392
v -2.15347909 -1.94724583 4.80819892
v -2.3707292 -1.91068589 4.86038875
v -2.12390303 -1.94861078 4.60488939
v -2.45196652 -1.78143358 4.43804025
v -2.18429231 -1.8628211 4.34242248
v -2.38040852 -1.63937354 4.13441419
v -2.65466404 -2.33581495 4.21145582
v -2.68255376 -1.90105831 4.07642316
v -2.60132122 -1.67724299 4.09985256
v -2.6820209 -1.8073939 4.39181709
v -2.63278722 -1.90431964 4.82528305
v -2.8170247 -2.12305188 4.47401523
v -2.72897267 -2.03882074 4.97515678
v -2.76064515 -2.36901807 4.68835353
v -2.62758564 -2.26888442 4.99100875
v -1.95888471 -2.2663052 4.67828893
v -1.99813473 -2.109097 4.78493547
v -2.03677082 -2.243335 4.90522098
v -1.99594032 -2.40441989 4.81866073
v -1.97311174 -2.25628423 4.79979705
v -2.03379559 -2.10338258 4.50950622
v -2.03020668 -2.39283466 4.60251712
v -2.11132073 -2.21024537 4.42283439
v -2.00655674 -2.24689984 4.55615425
v -2.19813275 -2.37720727 4.46420574
v -2.4093523 -2.12790346 4.104918
v -2.25403952 -1.95546925 4.12997007
v -2.26062369 -2.16932964 4.23400402
v -2.07766914 -2.51722192 4.75394678
v -2.29688382 -2.50257897 4.62906789
v -2.12438869 -2.47545075 4.62856578
v -2.10365676 -2.40351557 4.94109726
v -2.22152781 -2.51018214 4.90007209
v -2.07747387 -2.49230241 4.86336326
v -2.1696937 -2.09788012 4.98074436
v -2.28662443 -2.25479006 5.03386116
v -2.13544249 -2.25590539 4.98014354
v -2.10838842 -1.99149715 4.85883522
v -2.23833537 -1.91993045 4.83556556
v -2.34230399 -1.97232067 4.97394657
v -2.20426344 -1.98344421 4.93227672
v -2.12801766 -1.94169783 4.71926927
v -2.28926634 -1.87878024 4.52229452
v -2.42964768 -1.88502717 4.66358614
v -2.27191233 -1.90723419 4.69825458
v -2.14876985 -1.91210806 4.46846485
v -2.26217794 -1.74357688 4.24831628
v -2.41640257 -1.66292357 4.28213453
v -2.28126263 -1.79712796 4.37385463
v -2.14907622 -1.91783809 4.31601095
v -2.38312935 -1.73103463 3.99830961
v -2.24986386 -1.79760098 4.14028215
v -2.55282092 -2.37569284 4.22435569
v -2.68490052 -2.1400125 4.12592506
v -2.54848456 -1.86875343 3.96746921
v -2.55839991 -2.09315586 4.06604194
v -2.646209 -1.75064361 4.05892372
v -2.50898313 -1.63281035 4.07708549
v -2.52365112 -1.71967566 3.96422815
v -2.03176212 -2.01545858 4.62691879
v -2.07455062 -1.9962269 4.4909563
v -2.04702591 -2.00829434 4.75066804
v -2.57957196 -1.7481606 4.40160083
v -2.67462563 -1.89853382 4.63917684
v -2.52165269 -1.89370942 4.86635112
v -2.56419634 -1.87594282 4.63302993
v -2.76313543 -2.03566861 4.22872257
v -2.7566874 -1.96129679 4.40386152
v -2.64810133 -1.70150566 4.21492242
v -2.7259953 -1.83149683 4.21651029
v -2.54005718 -1.63310742 4.23436498
v -2.68599534 -1.93861496 4.92061281
v -2.82497048 -2.05670714 4.80063724
v -2.764714 -1.96614527 4.70467901
v -2.54079222 -2.05325818 5.04188108
v -2.52374506 -1.94699561 4.98198604
v -2.51811051 -2.469141 4.78074741
v -2.44699144 -2.35258817 5.01592922
v -2.70464634 -2.30425643 4.90093421
v -2.46474814 -2.43330049 4.92303896
v -2.72619724 -2.41423893 4.39049339
v -2.83809399 -2.24932694 4.58055973
v -2.76897001 -2.26372528 4.28267955
v -2.69834256 -2.16317081 5.00382041
v -2.81825017 -2.16976738 4.86135816
v -2.49889087 -2.20796394 5.05746936
v -2.54884505 -2.48612213 4.54379272
v 4.34902572 1.85683918 6.16706895
v 4.35469389 2.15034055 6.17461395
v 4.32771825 2.19794797 6.45499134
v 4.38262748 1.90821039 6.37610626
v 4.34949016 2.15164709 5.73357772
v 4.33718109 1.92194044 5.81540679
v 3.97421336 1.83858001 5.65056848
v 4.02666187 2.17237901 5.55504322
v 4.08601808 1.72828376 6.16440582
v 4.20844411 1.84019267 6.44940662
v 4.11606597 2.23088789 6.55386924
v 4.18113422 2.6004734 6.41788101
v 3.95977759 2.70109701 6.48337984
v 4.21099376 2.55096054 6.20772171
v 3.87783694 2.73109722 6.19470405
v 4.19559669 2.40876579 5.93511772
v 3.93685364 2.48074626 5.89851951
v 3.31736803 1.95113992 5.73615169
v 3.32454967 2.17851185 5.62682724
v 3.56990289 2.38165044 5.80500602
v 3.56142115 2.44784307 6.08295583
v 3.69209528 2.48890113 6.38951301
v 3.33922052 2.18279647 6.04443597
v 3.66474318 2.17312645 6.35160493
v 3.43913078 1.88986253 6.10069465
v 3.68805193 1.9127866 6.37607669
v 4.37775421 1.98586058 6.16582155
v 4.35864687 2.1786158 6.33853864
v 4.38365936 2.00155448 6.41823959
v 4.38145065 1.87139308 6.29448032
v 4.39832782 1.99452924 6.31201267
v 4.36473655 2.13779592 5.94144821
v 4.34094619 1.87748014 5.98024368
v 4.36524152 2.01176834 5.74379682
v 4.37902593 1.99685716 5.94997215
v 4.26224517 1.88855159 5.75810432
v 3.99475646 2.00964164 5.53967189
v 4.25772666 2.16360712 5.61543464
v 4.28189992 2.01484251 5.62077283
v 4.26912593 1.77473557 6.1733942
v 4.0081253 1.72654449 5.90016126
v 4.25722122 1.80380296 5.96442461
v 4.33712101 1.86401426 6.41259861
v 4.15727996 1.76585447 6.34283971
v 4.31181287 1.79379689 6.31166744
v 4.25053501 2.20875787 6.52513599
v 4.18898105 1.98041963 6.51813411
v 4.31846332 1.98695898 6.48461103
v 4.24449539 2.45343494 6.44870662
v 4.09417057 2.684659 6.45556926
v 4.02937603 2.5031569 6.54812908
v 4.16071558 2.48474836 6.51765918
v 4.19844722 2.60726308 6.33475875
v 4.05601406 2.71173191 6.20671939
v 3.91291642 2.77706813 6.35076475
v 4.06742858 2.74885273 6.34351539
v 4.20942783 2.48709011 6.06126976
v 4.08892965 2.47371435 5.91663551
v 3.88730979 2.63276195 6.05332756
v 4.06050109 2.61783027 6.06445264
v 4.27195072 2.29648304 5.836236
v 4.00513982 2.32617616 5.70033645
v 4.17223262 2.31754398 5.74351882
v 3.50144124 1.86818349 5.66955757
v 3.28313374 2.05233049 5.66500568
v 3.58596253 2.17325592 5.56304454
v 3.51248335 2.02242279 5.56662988
v 3.4380064 2.30062127 5.6897521
v 3.75863671 2.42629265 5.84713029
v 3.71290946 2.31350946 5.66649723
v 4.30023384 2.35101127 6.19433116
v 4.3047285 2.29093813 6.00254488
v 4.28851795 2.4067645 6.34101009
v 3.72621583 2.62931299 6.17943525
v 3.63396978 2.48569631 6.26376342
v 3.80031061 2.63032627 6.47671032
v 3.76185536 2.68517875 6.34352493
v 3.26789283 2.1843791 5.85148048
v 3.42385292 2.31729984 6.03337526
v 3.5364027 2.41445112 5.919981
v 3.36787986 2.30844473 5.84999275
v 3.73361253 2.54192471 6.02199745
v 3.68300509 2.33225584 6.34638595
v 3.48827743 2.17561364 6.20484638
v 3.54619431 2.32443666 6.20133304
v 3.86343145 2.20360612 6.51649761
v 3.82659435 2.44613766 6.52514362
v 3.66158485 1.74866139 6.12318897
v 3.91300845 1.85567033 6.49112844
v 3.57332015 1.89191043 6.26830673
v 3.78687834 1.78711712 6.37120723
v 3.33974099 1.91504752 5.90498352
v 3.33495497 2.04057145 6.07953357
v 3.25133538 2.0526967 5.88885784
v 3.66592073 2.0180006 6.37110328
v 3.48976159 2.0264163 6.23429393
v 3.90182471 1.99279022 6.53290939
v 3.55455422 1.76064217 5.87455606
v 0.4752182 -0.72016501 6.07066583
v 0.64809739 -0.34562164 6.06993103
v 0.43740186 -0.38612979 6.34797906
v 0.39196977 -0.65157449 6.29688453
v 0.56015968 -0.2905915 5.82906913
v 0.42388495 -0.66209727 5.85378885
v 0.11044252 -0.84996825 5.63002395
v 0.1333051 -0.2875067 5.81439256
v 0.1779716 -0.96220731 5.90730905
v 0.2053295 -0.70847827 6.3334465
v 0.19901186 -0.42714113 6.42445039
v 0.40429368 -0.17978316 6.2189269
v 0.20837768 -0.15962788 6.24096202
v 0.48381647 -0.12500707 6.04700899
v 0.10662729 0.06104502 5.98753786
v 0.41755494 -0.09652958 5.87201881
v 0.1147108 0.02076549 5.72247314
v -0.2398689 -0.64682799 5.84333849
v -0.21782767 -0.27717965 5.87887477
v -0.10380694 -0.03502671 5.75617837
v -0.13892765 -0.03570595 5.99282503
v -0.05382023 -0.18258202 6.25333976
v -0.39169216 -0.33952736 6.07581043
v -0.15510493 -0.40289449 6.41020488
v -0.34964814 -0.73747038 5.97946357
v -0.12906231 -0.64798861 6.34664154
v 0.61052036 -0.5269764 6.07730388
v 0.55110472 -0.37938076 6.21773243
v 0.42073777 -0.53941959 6.34886884
v 0.43646988 -0.70219194 6.20205974
v 0.52395385 -0.54612654 6.2231431
v 0.65961504 -0.30436927 5.92852783
v 0.47265437 -0.69977456 5.93972873
v 0.54213446 -0.47669786 5.84871864
v 0.62916392 -0.48151826 5.94483614
v 0.25980708 -0.77169811 5.7263751
v 0.1321496 -0.5674535 5.8005023
v 0.36029863 -0.28969514 5.81452846
v 0.33272892 -0.53346073 5.81263399
v 0.32282269 -0.8672409 5.98006868
v 0.14212954 -0.98264074 5.71188497
v 0.28825825 -0.86390835 5.81925392
v 0.3220134 -0.68820643 6.32413578
v 0.20423615 -0.8648895 6.11177682
v 0.32910239 -0.80826997 6.15909004
v 0.33340403 -0.40552663 6.41164064
v 0.1954419 -0.56329029 6.44120836
v 0.32175171 -0.54627257 6.41690635
v 0.43425843 -0.25399363 6.27841758
v 0.33163753 -0.15434667 6.23000526
v 0.21677681 -0.29455232 6.33554172
v 0.34189871 -0.27373075 6.3263874
v 0.44259652 -0.1428388 6.14783382
v 0.28549009 -0.03569541 6.01871299
v 0.15822026 -0.04361563 6.13244676
v 0.30853614 -0.08387241 6.12941837
v 0.47041234 -0.09802424 5.94772481
v 0.26518535 -0.03926171 5.79840087
v 0.1061454 0.0746351 5.83180189
v 0.27052971 -0.0118149 5.89604187
v 0.49950978 -0.16121502 5.84785842
v 0.1082695 -0.11398094 5.68660831
v 0.2942729 -0.14511284 5.76648807
v -0.02891138 -0.79285752 5.68412065
v -0.33887666 -0.45665329 5.8927102
v -0.04272237 -0.27270698 5.82561016
v -0.12234892 -0.49295288 5.86834526
v -0.14335237 -0.13283775 5.78523826
v -0.0196992 0.01615183 5.70824527
v -0.03639756 -0.10672652 5.69865703
v 0.60400205 -0.21743968 6.06097221
v 0.60164386 -0.18216711 5.94110298
v 0.52655971 -0.24086035 6.18378067
v -0.03418068 0.05825556 5.97548532
v -0.10663308 -0.10222099 6.16288995
v 0.05800645 -0.16355709 6.2543478
v 0.01114293 -0.03817956 6.14471817
v -0.34981334 -0.30805802 5.94826698
v -0.23139187 -0.18661926 6.0335493
v -0.13308605 -0.02083311 5.83356094
v -0.20183093 -0.1581728 5.89363765
v -0.03061524 0.06712885 5.8107028
v -0.10568829 -0.27320489 6.3311963
v -0.32269546 -0.36655986 6.26813697
v -0.20509889 -0.23172402 6.22444009
v 0.02931343 -0.4278115 6.43145752
v 0.0532223 -0.29737663 6.34188175
v -0.00680185 -0.95824325 5.8723793
v 0.06218736 -0.70492512 6.33135604
v -0.28577143 -0.70764935 6.19611549
v 0.02045839 -0.8565402 6.08512687
v -0.30277249 -0.70613014 5.87117147
v -0.48254007 -0.50435751 6.07059478
v -0.45918059 -0.47720933 5.95227384
v -0.15218988 -0.53431922 6.42472267
v -0.37557533 -0.51742118 6.26340484
v 0.04221702 -0.55754816 6.45194768
v -0.02877841 -0.94929558 5.70525312
v 4.38569688 1.87537264 2.7381339
v 4.45976352 2.19543981 2.73703765
v 4.3637824 2.17427492 2.99671649
v 4.33972168 1.93824434 2.99648809
v 4.34230852 2.24169087 2.52790594
v 4.3074584 1.97496485 2.52329254
v 4.04319095 1.86958003 2.46691393
v 4.04327344 2.26549124 2.44294881
v 4.08198213 1.65456819 2.66321659
v 4.11549425 1.88148164 3.00088262
v 4.10594987 2.17704725 3.0577321
v 4.30279874 2.39935827 2.87917327
v 4.06538105 2.45776748 2.91088008
v 4.32036972 2.43907976 2.70505905
v 4.00748539 2.55768919 2.69975924
v 4.29034471 2.44443559 2.55795097
v 4.03687858 2.49170684 2.52167892
v 3.7087872 1.93966126 2.53132915
v 3.71004939 2.25622582 2.54421901
v 3.77596831 2.48044347 2.55985832
v 3.68295836 2.51500821 2.73283195
v 3.71561551 2.45626092 2.93447828
v 3.56819558 2.19148349 2.7875061
v 3.71076417 2.1418724 3.03604126
v 3.67319607 1.81637001 2.77212333
v 3.7836411 1.8711133 3.01269912
v 4.46427822 2.03949356 2.75019264
v 4.43388366 2.17579746 2.88091468
v 4.36249065 2.03977966 3.01904296
v 4.37594604 1.89035081 2.89656925
v 4.43390989 2.02822399 2.9044919
v 4.42142057 2.22090435 2.61337089
v 4.34524917 1.91997242 2.59862589
v 4.34341764 2.09881997 2.51881384
v 4.42251825 2.07180333 2.61095643
v 4.19815301 1.91353654 2.49302792
v 4.03666734 2.06932616 2.43665695
v 4.21690988 2.25611496 2.47083187
v 4.21376991 2.09031176 2.46090984
v 4.23807001 1.72547733 2.69716048
v 4.05691385 1.72523617 2.5375359
v 4.21353769 1.78787159 2.56796169
v 4.25074243 1.90626025 3.00796747
v 4.11495685 1.68744027 2.83075952
v 4.25855016 1.75627112 2.86331653
v 4.25362062 2.17392158 3.0531187
v 4.10900926 2.0385468 3.06734514
v 4.25406503 2.03673458 3.06745672
v 4.33827972 2.3053596 2.935575
v 4.2208724 2.43299555 2.89376354
v 4.08573198 2.31844568 2.99331235
v 4.24306535 2.3085699 2.98333406
v 4.31740856 2.42452836 2.80175685
v 4.19860649 2.50912666 2.69561314
v 4.00842285 2.54098248 2.81120681
v 4.20050621 2.49122571 2.79690885
v 4.31256055 2.44797158 2.6166048
v 4.18957662 2.47526001 2.53401613
v 4.02489423 2.5399065 2.59741544
v 4.19422817 2.50704526 2.60315132
v 4.31924009 2.36554884 2.54347038
v 4.04341268 2.40035629 2.47597789
v 4.20656728 2.39164066 2.49376463
v 3.86262297 1.89179015 2.46743822
v 3.70485043 2.06861114 2.54238939
v 3.87075257 2.26096606 2.4687705
v 3.8530786 2.06616425 2.44323992
v 3.7388575 2.40823102 2.54620432
v 3.88214755 2.49014735 2.5382657
v 3.8770945 2.40130353 2.49829673
v 4.40258455 2.3326323 2.71708464
v 4.37822103 2.35035133 2.61674737
v 4.38915109 2.31494975 2.83569955
v 3.82138037 2.55450916 2.72026157
v 3.67358946 2.51066899 2.84890413
v 3.85174298 2.47159957 2.93383884
v 3.81217408 2.54365754 2.83405256
v 3.61350226 2.2304058 2.65102148
v 3.60022139 2.40109467 2.74955081
v 3.7271893 2.50318622 2.62597703
v 3.64984154 2.4129076 2.6294136
v 3.85475802 2.53638362 2.61430358
v 3.69780802 2.32879829 2.98538208
v 3.58980155 2.15833139 2.9327321
v 3.60417342 2.3787415 2.88198709
v 3.9030745 2.16274881 3.05594253
v 3.8778975 2.31852769 3.0054655
v 3.85784983 1.69730377 2.67792081
v 3.9351437 1.85797131 3.00484037
v 3.71722674 1.80804371 2.91632986
v 3.89662146 1.6842339 2.83623218
v 3.6840589 1.8791027 2.62683868
v 3.58810496 1.96713709 2.80903244
v 3.62313199 2.02258586 2.66107249
v 3.74554514 1.97884941 3.050354
v 3.63141226 1.94546413 2.95351886
v 3.92912602 2.01859545 3.06447839
v 3.85364413 1.77542233 2.54298019
v 0.71670842 -0.8111822 2.50605559
v 0.85027009 -0.56364262 2.4321146
v 0.57063257 -0.47876197 2.97861003
v 0.51637691 -0.73118877 2.98928928
v 0.76197576 -0.56289136 2.12656498
v 0.7230494 -0.78453534 2.14252615
v 0.28702822 -0.83721929 2.28819847
v 0.33124184 -0.4753254 2.21526169
v 0.18032798 -1.05024302 2.62860918
v 0.20932066 -0.81585663 3.02573728
v 0.06644398 -0.47062814 3.2752223
v 0.52019357 -0.28205999 2.86057519
v 0.04402405 -0.09979032 3.01299142
v 0.62442076 -0.28753763 2.48932027
v 0.04547313 0.07583396 2.70394587
v 0.58392345 -0.30888438 2.30634546
v 0.21021691 -0.10079222 2.42176699
v -0.29764387 -0.80343693 2.46544361
v -0.37016528 -0.44015908 2.46971416
v -0.25843218 -0.07293729 2.54608249
v -0.45534351 -0.05560276 2.93209886
v -0.47917252 -0.19631481 3.31676054
v -0.58934086 -0.52288699 2.94669342
v -0.48462635 -0.48989862 3.48632192
v -0.34338 -0.90901351 2.7646656
v -0.28802061 -0.77336585 3.21003961
v 0.84548294 -0.68310207 2.46098327
v 0.80629319 -0.5517742 2.68757152
v 0.52708053 -0.61342364 3.03657722
v 0.65871703 -0.79494988 2.77603054
v 0.77711677 -0.67345601 2.74462127
v 0.82818388 -0.56690728 2.23398065
v 0.72916871 -0.80209928 2.26271534
v 0.78858667 -0.69860249 2.09499836
v 0.84299266 -0.69850987 2.22120714
v 0.55788832 -0.81096589 2.18139743
v 0.34612897 -0.66690778 2.1857469
v 0.60348498 -0.54109251 2.10517501
v 0.63102412 -0.69345837 2.07004022
v 0.44105699 -0.96497196 2.57781934
v 0.20819321 -0.97601646 2.45038652
v 0.48439422 -0.90358603 2.35990214
v 0.38225677 -0.77853679 3.02211809
v 0.21009716 -1.0134468 2.81382751
v 0.43635901 -0.93564391 2.80148887
v 0.33690848 -0.43885821 3.13051128
v 0.13858166 -0.64070564 3.22123193
v 0.33464697 -0.61496543 3.14713716
v 0.57884484 -0.37288594 2.89123439
v 0.33337619 -0.18954432 2.97795724
v 0.00907031 -0.31120681 3.2201209
v 0.36079329 -0.3037188 3.0437355
v 0.59143632 -0.27972084 2.67692375
v 0.38047549 -0.14019376 2.63465046
v -0.00113215 0.02776292 2.87796306
v 0.32600882 -0.12928491 2.84169673
v 0.6100173 -0.2962386 2.37600636
v 0.43729141 -0.23592427 2.33824253
v 0.13838884 0.02330775 2.5404458
v 0.4183751 -0.16813695 2.44805455
v 0.6689139 -0.42445343 2.22134375
v 0.27359893 -0.28459391 2.31929588
v 0.51287007 -0.37588471 2.22132611
v -0.02065665 -0.82855558 2.40474247
v -0.3336488 -0.68110239 2.45066881
v 0.01279407 -0.38493645 2.35774087
v 0.00062027 -0.64449918 2.34295272
v -0.31927427 -0.19433139 2.5076375
v -0.07429346 -0.02990477 2.496037
v -0.04116088 -0.16802667 2.42016029
v 0.76795357 -0.43347317 2.44077158
v 0.73820543 -0.43403714 2.30081558
v 0.74656873 -0.41878265 2.63254594
v -0.25607517 0.02500219 2.84285068
v -0.47293973 -0.11921885 3.0994358
v -0.31504768 -0.17810002 3.27453422
v -0.30785781 -0.04378074 3.05085372
v -0.517286 -0.50196623 2.60835719
v -0.55309087 -0.24358551 2.8998003
v -0.35595023 -0.05217459 2.6872766
v -0.46727123 -0.21095067 2.65586185
v -0.15768748 0.02598873 2.62189698
v -0.50898784 -0.31006717 3.43829202
v -0.58205795 -0.49866908 3.29196691
v -0.57589656 -0.28575474 3.21588659
v -0.2446253 -0.45791006 3.46805381
v -0.2951734 -0.3072915 3.44129228
v -0.08787615 -1.01180923 2.67525577
v -0.04442028 -0.7781611 3.10421228
v -0.33366558 -0.87990486 3.00197887
v -0.04436459 -1.00215899 2.84396791
v -0.32113519 -0.86234659 2.57084941
v -0.5295785 -0.77697944 2.8751316
v -0.44367823 -0.74589473 2.57975506
v -0.40105184 -0.66344505 3.38649082
v -0.49929428 -0.72404271 3.19235229
v -0.17928302 -0.60987633 3.37959241
v -0.07611534 -0.94684827 2.51699304
# The following MRGB block contains ZBrush Vertex Color (Polypaint) and masking output as 4 hexadecimal values per vertex. The vertex color format is MMRRGGBB with up to 64 entries per MRGB line.
#MRGB ff00781cff00781cff00781cff00781cff00781cff00781cff00781cff00781cff00781cff00781cff00781cff00781cff00781cff00781cff00781cff00781cff00781cff00781cff00781cff00781cff00781cff00781cff00781cff00781cff00781cff00781cff00781cff00781cff00781cff00781cff00781cff00781cff00781cff00781cff00781cff00781cff00781cff00781cff00781cff00781cff00781cff00781cff00781cff00781cff00781cff00781cff00781cff00781cff00781cff00781cff00781cff00781cff00781cff00781cff00781cff00781cff00781cff00781cff00781cff00781cff00781cff00781cff00781cff00781c
#MRGB ff00781cff00781cff00781cff00781cff00781cff00781cff00781cff00781cff00781cff00781cff00781cff00781cff00781cff00781cff00781cff00781cff00781cff00781cff00781cff00781cff00781cff00781cff00781cff00781cff00781cff00781cff00781cff00781cff00781cff00781cff00781cff00781cff00781cff00781cff00781cff00781cff00781cff00781cff00781cff00781cff00781cff00781cff00781cff00781cff00781cff00781cff00781cff00781cff00781cff00781cff00781cff00781cff00781cff00781cff00781cff00781cff00781cff00781cff00781cff00781cff00781cff00781cff00781cff00781c
#MRGB ff00781cff00781cff00781cff00781cff00781cff00781cff00781cff00781cff00781cff00781cff00781cff00781cff00781cff00781cff00781cff00781cff00781cff00781cff00781cff00781cff00781cff00781cff00781cff00781cff00781cff00781cff00781cff00781cff00781cff00781cff00781cff00781cff00781cff00781cff00781cff00781cff00781cff00781cff00781cff00781cff00781cff00781cff00781cff00781cff00781cff00781cff00781cff00781cff00781cff00781cff00781cff00781cff00781cff00781cff00781cff00781cff00781cff00781cff00781cff00781cff00781cff00781cff00781cff00781c
#MRGB ff00781cff00781cff00781cff00781cff00781cff00781cff00781cff00781cff00781cff00781cff00781cff00781cff00781cff00781cff00781cff00781cff00781cff00781cff00781cff00781cff00781cff00781cff00781cff00781cff00781cff00781cff00781cff00781cff00781cff00781cff00781cff00781cff00781cff00781cff00781cff00781cff00781cff00781cff00781cff00781cff00781cff00781cff00781cff00781cff00781cff00781cff00781cff00781cff00781cff00781cff00781cff00781cff00781cff00781cff00781cff00781cff00781cff00781cff00781cff00781cff00781cff00781cff00781cff00781c
#MRGB ff00781cff00781cff00781cff00781cff00781cff00781cff00781cff00781cff00781cff00781cff00781cff00781cff00781cff00781cff00781cff00781cff00781cff00781cff00781cff00781cff00781cff00781cff00781cff00781cff00781cff00781cff00781cff00781cff00781cff00781cff00781cff00781cff00781cff00781cff00781cff00781cff00781cff00781cff00781cff00781cff00781cff00781cff00781cff00781cff00781cff00781cff00781cff00781cff00781cff00781cff00781cff00781cff00781cff00781cff00781cff00781cff00781cff00781cff00781cff00781cff00781cff00781cff00781cff00781c
#MRGB ff00781cff00781cff00781cff00781cff00781cff00781cff00781cff00781cff00781cff00781cff00781cff00781cff00781cff00781cff00781cff00781cff00781cff00781cff00781cff00781cff00781cff00781cff00781cff00781cff00781cff00781cff00781cff00781cff00781cff00781cff00781cff00781cff00781cff00781cff00781cff00781cff00781cff00781cff00781cff00781cff00781cff00781cff00781cff00781cff00781cff00781cff00781cff00781cff00781cff00781cff00781cff00781cff00781cff00781cff00781cff00781cff00781cff00781cff00781cff00781cff00781cff00781cff00781cff00781c
#MRGB ff00781cff00781cff00781cff00781cff00781cff00781cff00781cff00781cff00781cff00781cff00781cff00781cff00781cff00781cff00781cff00781cff00781cff00781cff00781cff00781cff00781cff00781cff00781cff00781cff00781cff00781cff00781cff00781cff00781cff00781cff00781cff00781cff00781cff00781cff00781cff00781cff00781cff00781cff00781cff00781cff00781cff00781cff00781cff00781cff00781cff00781cff00781cff00781cff00781cff00781cff00781cff00781cff00781cff00781cff00781cff00781cff00781cff00781cff00781cff00781cff00781cff00781cff00781cff00781c
#MRGB ff00781cff00781cff00781cff00781cff00781cff00781cff00781cff00781cff00781cff00781cff00781cff00781cff00781cff00781cff00781cff00781cff00781cff00781cff00781cff00781cff00781cff00781cff00781cff00781cff00781cff00781cff00781cff00781cff00781cff00781cff00781cff00781cff00781cff00781cff00781cff00781cff00781cff00781cff00781cff00781cff00781cff00781cff00781cff00781cff00781cff00781cff00781cff00781cff00781cff00781cff00781cff00781cff00781cff00781cff00781cff00781cff00781cff00781cff00781cff00781cff00781cff00781cff00781cff00781c
#MRGB ff00781cff00781cff00781cff00781cff00781cff00781cff00781cff00781cff00781cff00781cff00781cff00781cff00781cff00781cff00781cff00781cff00781cff00781cff00781cff00781cff00781cff00781cff00781cff00781cff00781cff00781cff00781cff00781cff00781cff00781cff00781cff00781cff00781cff00781cff00781cff00781cff00781cff00781cff00781cff00781cff00781cff00781cff00781cff00781cff00781cff00781cff00781cff00781cff00781cff00781cff00781cff00781cff00781cff00781cff00781cff00781cff00781cff00781cff00781cff00781cff00781cff00781cff00781cff00781c
#MRGB ff00781cff00781cff00781cff00781cff00781cff00781cff00781cff00781cff00781cff00781cff00781cff00781c
# End of MRGB block 
g Group26634
f 1 27 31 30
f 27 2 28 31
f 31 28 3 29
f 30 31 29 4
f 5 32 35 34
f 32 2 27 35
f 35 27 1 33
f 34 35 33 6
f 5 34 39 38
f 34 6 36 39
f 39 36 7 37
f 38 39 37 8
f 6 33 42 36
f 33 1 40 42
f 42 40 9 41
f 36 42 41 7
f 1 30 45 40
f 30 4 43 45
f 45 43 10 44
f 40 45 44 9
f 4 29 48 43
f 29 3 46 48
f 48 46 11 47
f 43 48 47 10
f 3 49 52 46
f 49 12 50 52
f 52 50 13 51
f 46 52 51 11
f 12 53 56 50
f 53 14 54 56
f 56 54 15 55
f 50 56 55 13
f 14 57 60 54
f 57 16 58 60
f 60 58 17 59
f 54 60 59 15
f 16 61 63 58
f 61 5 38 63
f 63 38 8 62
f 58 63 62 17
f 7 64 67 37
f 64 18 65 67
f 67 65 19 66
f 37 67 66 8
f 17 62 70 69
f 62 8 66 70
f 70 66 19 68
f 69 70 68 20
f 14 71 72 57
f 71 2 32 72
f 72 32 5 61
f 57 72 61 16
f 2 71 73 28
f 71 14 53 73
f 73 53 12 49
f 28 73 49 3
f 15 74 77 55
f 74 21 75 77
f 77 75 22 76
f 55 77 76 13
f 19 78 81 68
f 78 23 79 81
f 81 79 21 80
f 68 81 80 20
f 15 59 82 74
f 59 17 69 82
f 82 69 20 80
f 74 82 80 21
f 24 83 85 84
f 83 22 75 85
f 85 75 21 79
f 84 85 79 23
f 11 51 87 86
f 51 13 76 87
f 87 76 22 83
f 86 87 83 24
f 25 88 91 90
f 88 9 44 91
f 91 44 10 89
f 90 91 89 26
f 18 92 94 65
f 92 25 93 94
f 94 93 23 78
f 65 94 78 19
f 24 84 96 95
f 84 23 93 96
f 96 93 25 90
f 95 96 90 26
f 11 86 97 47
f 86 24 95 97
f 97 95 26 89
f 47 97 89 10
f 18 64 98 92
f 64 7 41 98
f 98 41 9 88
f 92 98 88 25
g Group61412
f 99 125 129 128
f 125 100 126 129
f 129 126 101 127
f 128 129 127 102
f 103 130 133 132
f 130 100 125 133
f 133 125 99 131
f 132 133 131 104
f 103 132 137 136
f 132 104 134 137
f 137 134 105 135
f 136 137 135 106
f 104 131 140 134
f 131 99 138 140
f 140 138 107 139
f 134 140 139 105
f 99 128 143 138
f 128 102 141 143
f 143 141 108 142
f 138 143 142 107
f 102 127 146 141
f 127 101 144 146
f 146 144 109 145
f 141 146 145 108
f 101 147 150 144
f 147 110 148 150
f 150 148 111 149
f 144 150 149 109
f 110 151 154 148
f 151 112 152 154
f 154 152 113 153
f 148 154 153 111
f 112 155 158 152
f 155 114 156 158
f 158 156 115 157
f 152 158 157 113
f 114 159 161 156
f 159 103 136 161
f 161 136 106 160
f 156 161 160 115
f 105 162 165 135
f 162 116 163 165
f 165 163 117 164
f 135 165 164 106
f 115 160 168 167
f 160 106 164 168
f 168 164 117 166
f 167 168 166 118
f 112 169 170 155
f 169 100 130 170
f 170 130 103 159
f 155 170 159 114
f 100 169 171 126
f 169 112 151 171
f 171 151 110 147
f 126 171 147 101
f 113 172 175 153
f 172 119 173 175
f 175 173 120 174
f 153 175 174 111
f 117 176 179 166
f 176 121 177 179
f 179 177 119 178
f 166 179 178 118
f 113 157 180 172
f 157 115 167 180
f 180 167 118 178
f 172 180 178 119
f 122 181 183 182
f 181 120 173 183
f 183 173 119 177
f 182 183 177 121
f 109 149 185 184
f 149 111 174 185
f 185 174 120 181
f 184 185 181 122
f 123 186 189 188
f 186 107 142 189
f 189 142 108 187
f 188 189 187 124
f 116 190 192 163
f 190 123 191 192
f 192 191 121 176
f 163 192 176 117
f 122 182 194 193
f 182 121 191 194
f 194 191 123 188
f 193 194 188 124
f 109 184 195 145
f 184 122 193 195
f 195 193 124 187
f 145 195 187 108
f 116 162 196 190
f 162 105 139 196
f 196 139 107 186
f 190 196 186 123
g Group43746
f 197 223 227 226
f 223 198 224 227
f 227 224 199 225
f 226 227 225 200
f 201 228 231 230
f 228 198 223 231
f 231 223 197 229
f 230 231 229 202
f 201 230 235 234
f 230 202 232 235
f 235 232 203 233
f 234 235 233 204
f 202 229 238 232
f 229 197 236 238
f 238 236 205 237
f 232 238 237 203
f 197 226 241 236
f 226 200 239 241
f 241 239 206 240
f 236 241 240 205
f 200 225 244 239
f 225 199 242 244
f 244 242 207 243
f 239 244 243 206
f 199 245 248 242
f 245 208 246 248
f 248 246 209 247
f 242 248 247 207
f 208 249 252 246
f 249 210 250 252
f 252 250 211 251
f 246 252 251 209
f 210 253 256 250
f 253 212 254 256
f 256 254 213 255
f 250 256 255 211
f 212 257 259 254
f 257 201 234 259
f 259 234 204 258
f 254 259 258 213
f 203 260 263 233
f 260 214 261 263
f 263 261 215 262
f 233 263 262 204
f 213 258 266 265
f 258 204 262 266
f 266 262 215 264
f 265 266 264 216
f 210 267 268 253
f 267 198 228 268
f 268 228 201 257
f 253 268 257 212
f 198 267 269 224
f 267 210 249 269
f 269 249 208 245
f 224 269 245 199
f 211 270 273 251
f 270 217 271 273
f 273 271 218 272
f 251 273 272 209
f 215 274 277 264
f 274 219 275 277
f 277 275 217 276
f 264 277 276 216
f 211 255 278 270
f 255 213 265 278
f 278 265 216 276
f 270 278 276 217
f 220 279 281 280
f 279 218 271 281
f 281 271 217 275
f 280 281 275 219
f 207 247 283 282
f 247 209 272 283
f 283 272 218 279
f 282 283 279 220
f 221 284 287 286
f 284 205 240 287
f 287 240 206 285
f 286 287 285 222
f 214 288 290 261
f 288 221 289 290
f 290 289 219 274
f 261 290 274 215
f 220 280 292 291
f 280 219 289 292
f 292 289 221 286
f 291 292 286 222
f 207 282 293 243
f 282 220 291 293
f 293 291 222 285
f 243 293 285 206
f 214 260 294 288
f 260 203 237 294
f 294 237 205 284
f 288 294 284 221
g Group26079
f 295 321 325 324
f 321 296 322 325
f 325 322 297 323
f 324 325 323 298
f 299 326 329 328
f 326 296 321 329
f 329 321 295 327
f 328 329 327 300
f 299 328 333 332
f 328 300 330 333
f 333 330 301 331
f 332 333 331 302
f 300 327 336 330
f 327 295 334 336
f 336 334 303 335
f 330 336 335 301
f 295 324 339 334
f 324 298 337 339
f 339 337 304 338
f 334 339 338 303
f 298 323 342 337
f 323 297 340 342
f 342 340 305 341
f 337 342 341 304
f 297 343 346 340
f 343 306 344 346
f 346 344 307 345
f 340 346 345 305
f 306 347 350 344
f 347 308 348 350
f 350 348 309 349
f 344 350 349 307
f 308 351 354 348
f 351 310 352 354
f 354 352 311 353
f 348 354 353 309
f 310 355 357 352
f 355 299 332 357
f 357 332 302 356
f 352 357 356 311
f 301 358 361 331
f 358 312 359 361
f 361 359 313 360
f 331 361 360 302
f 311 356 364 363
f 356 302 360 364
f 364 360 313 362
f 363 364 362 314
f 308 365 366 351
f 365 296 326 366
f 366 326 299 355
f 351 366 355 310
f 296 365 367 322
f 365 308 347 367
f 367 347 306 343
f 322 367 343 297
f 309 368 371 349
f 368 315 369 371
f 371 369 316 370
f 349 371 370 307
f 313 372 375 362
f 372 317 373 375
f 375 373 315 374
f 362 375 374 314
f 309 353 376 368
f 353 311 363 376
f 376 363 314 374
f 368 376 374 315
f 318 377 379 378
f 377 316 369 379
f 379 369 315 373
f 378 379 373 317
f 305 345 381 380
f 345 307 370 381
f 381 370 316 377
f 380 381 377 318
f 319 382 385 384
f 382 303 338 385
f 385 338 304 383
f 384 385 383 320
f 312 386 388 359
f 386 319 387 388
f 388 387 317 372
f 359 388 372 313
f 318 378 390 389
f 378 317 387 390
f 390 387 319 384
f 389 390 384 320
f 305 380 391 341
f 380 318 389 391
f 391 389 320 383
f 341 391 383 304
f 312 358 392 386
f 358 301 335 392
f 392 335 303 382
f 386 392 382 319
g Group8411
f 393 419 423 422
f 419 394 420 423
f 423 420 395 421
f 422 423 421 396
f 397 424 427 426
f 424 394 419 427
f 427 419 393 425
f 426 427 425 398
f 397 426 431 430
f 426 398 428 431
f 431 428 399 429
f 430 431 429 400
f 398 425 434 428
f 425 393 432 434
f 434 432 401 433
f 428 434 433 399
f 393 422 437 432
f 422 396 435 437
f 437 435 402 436
f 432 437 436 401
f 396 421 440 435
f 421 395 438 440
f 440 438 403 439
f 435 440 439 402
f 395 441 444 438
f 441 404 442 444
f 444 442 405 443
f 438 444 443 403
f 404 445 448 442
f 445 406 446 448
f 448 446 407 447
f 442 448 447 405
f 406 449 452 446
f 449 408 450 452
f 452 450 409 451
f 446 452 451 407
f 408 453 455 450
f 453 397 430 455
f 455 430 400 454
f 450 455 454 409
f 399 456 459 429
f 456 410 457 459
f 459 457 411 458
f 429 459 458 400
f 409 454 462 461
f 454 400 458 462
f 462 458 411 460
f 461 462 460 412
f 406 463 464 449
f 463 394 424 464
f 464 424 397 453
f 449 464 453 408
f 394 463 465 420
f 463 406 445 465
f 465 445 404 441
f 420 465 441 395
f 407 466 469 447
f 466 413 467 469
f 469 467 414 468
f 447 469 468 405
f 411 470 473 460
f 470 415 471 473
f 473 471 413 472
f 460 473 472 412
f 407 451 474 466
f 451 409 461 474
f 474 461 412 472
f 466 474 472 413
f 416 475 477 476
f 475 414 467 477
f 477 467 413 471
f 476 477 471 415
f 403 443 479 478
f 443 405 468 479
f 479 468 414 475
f 478 479 475 416
f 417 480 483 482
f 480 401 436 483
f 483 436 402 481
f 482 483 481 418
f 410 484 486 457
f 484 417 485 486
f 486 485 415 470
f 457 486 470 411
f 416 476 488 487
f 476 415 485 488
f 488 485 417 482
f 487 488 482 418
f 403 478 489 439
f 478 416 487 489
f 489 487 418 481
f 439 489 481 402
f 410 456 490 484
f 456 399 433 490
f 490 433 401 480
f 484 490 480 417
g Group56277
f 491 517 521 520
f 517 492 518 521
f 521 518 493 519
f 520 521 519 494
f 495 522 525 524
f 522 492 517 525
f 525 517 491 523
f 524 525 523 496
f 495 524 529 528
f 524 496 526 529
f 529 526 497 527
f 528 529 527 498
f 496 523 532 526
f 523 491 530 532
f 532 530 499 531
f 526 532 531 497
f 491 520 535 530
f 520 494 533 535
f 535 533 500 534
f 530 535 534 499
f 494 519 538 533
f 519 493 536 538
f 538 536 501 537
f 533 538 537 500
f 493 539 542 536
f 539 502 540 542
f 542 540 503 541
f 536 542 541 501
f 502 543 546 540
f 543 504 544 546
f 546 544 505 545
f 540 546 545 503
f 504 547 550 544
f 547 506 548 550
f 550 548 507 549
f 544 550 549 505
f 506 551 553 548
f 551 495 528 553
f 553 528 498 552
f 548 553 552 507
f 497 554 557 527
f 554 508 555 557
f 557 555 509 556
f 527 557 556 498
f 507 552 560 559
f 552 498 556 560
f 560 556 509 558
f 559 560 558 510
f 504 561 562 547
f 561 492 522 562
f 562 522 495 551
f 547 562 551 506
f 492 561 563 518
f 561 504 543 563
f 563 543 502 539
f 518 563 539 493
f 505 564 567 545
f 564 511 565 567
f 567 565 512 566
f 545 567 566 503
f 509 568 571 558
f 568 513 569 571
f 571 569 511 570
f 558 571 570 510
f 505 549 572 564
f 549 507 559 572
f 572 559 510 570
f 564 572 570 511
f 514 573 575 574
f 573 512 565 575
f 575 565 511 569
f 574 575 569 513
f 501 541 577 576
f 541 503 566 577
f 577 566 512 573
f 576 577 573 514
f 515 578 581 580
f 578 499 534 581
f 581 534 500 579
f 580 581 579 516
f 508 582 584 555
f 582 515 583 584
f 584 583 513 568
f 555 584 568 509
f 514 574 586 585
f 574 513 583 586
f 586 583 515 580
f 585 586 580 516
f 501 576 587 537
f 576 514 585 587
f 587 585 516 579
f 537 587 579 500
f 508 554 588 582
f 554 497 531 588
f 588 531 499 578
f 582 588 578 515

 